same window 2026-08-22; base=23abd8e (005709), cand=1441ca4 (011301), bisect=1441ca4+WADJET_TWO_LEVEL_HT=0 (012853); runs=4
query | r1 base cand bis | r2 base cand bis | r3 base cand bis | r4 base cand bis | steady-mean(r2-4) base cand bis | bis-vs-base%
Q01   |  24.0  23.0  24.8 |   4.2   4.3   3.8 |   5.2   4.1   3.9 |   4.1   3.9   3.9 |   4.5   4.1   3.9 |   -14
Q02   |  13.1  12.4  10.2 |   5.5   5.6   6.2 |   4.7   6.7   5.2 |   5.1   4.7   4.8 |   5.1   5.6   5.4 |    +6
Q03   |  14.7  15.6  14.2 |   9.9   9.9   9.1 |  10.2   9.9  10.0 |  10.1   9.5  10.4 |  10.1   9.8   9.8 |    -2
Q04   |   5.8   4.9   5.4 |   7.8   7.0   7.4 |   7.7   7.6   7.4 |   7.2   7.6   8.0 |   7.6   7.4   7.6 |    +0
Q05   |   6.3   6.0   5.8 |   8.9   8.9   9.6 |  10.2   9.5   9.1 |   9.3   6.2   9.4 |   9.5   8.2   9.4 |    -1
Q06   |   0.8   0.7   0.7 |   1.3   1.2   1.1 |   1.7   1.5   1.6 |   1.0   0.9   1.0 |   1.3   1.2   1.2 |    -8
Q07   |   4.2   5.5   4.7 |   9.9   9.1   8.7 |   8.3   8.8   8.6 |   3.9   2.9   8.5 |   7.4   6.9   8.6 |   +16
Q08   |  27.9  27.2  24.1 |  25.6  25.6  18.9 |  19.9  18.2  24.5 |  18.3  17.1  19.3 |  21.3  20.3  20.9 |    -2
Q09   |  27.6  28.2  26.9 |  20.4  20.1  19.0 |  20.6  18.4  20.2 |  18.6  16.2  20.3 |  19.8  18.2  19.9 |    +0
Q10   |  11.3  11.2  11.5 |  11.2  11.7  10.5 |  10.7  11.5  11.1 |  11.1  11.8  10.8 |  11.0  11.7  10.8 |    -2
Q11   |   4.0   2.4   3.2 |   2.9   2.6   3.7 |   2.8   3.6   4.1 |   2.9   2.6   2.7 |   2.9   3.0   3.5 |   +22
Q12   |   6.8   6.3   6.0 |   6.0   6.4   6.6 |   6.5   7.0   5.9 |   6.0   5.0   5.4 |   6.2   6.1   6.0 |    -3
Q13   |   6.1   5.4   5.6 |   6.4   5.6   5.7 |   6.2   5.7   5.5 |   6.2   5.7   6.1 |   6.2   5.6   5.8 |    -7
Q14   |   3.3   2.8   2.7 |   3.2   1.9   3.8 |   3.1   3.2   2.7 |   2.3   1.9   2.0 |   2.9   2.3   2.9 |    -0
Q15   |   2.6   2.0   2.3 |   1.7   2.2   1.7 |   2.5   2.5   2.4 |   2.6   2.0   1.6 |   2.3   2.2   1.9 |   -16
Q16   |   6.5   6.5   6.1 |   6.7   6.5   6.4 |   5.6   6.7   6.0 |   6.4   5.8   7.3 |   6.2   6.3   6.6 |    +6
Q17   |  14.2   7.1   7.3 |   6.4  11.2  13.8 |   8.2   8.0   7.5 |   7.1   6.1   6.4 |   7.2   8.4   9.2 |   +28
Q18   |  18.4  24.3  10.2 |  19.1  24.7  10.6 |  18.7  25.5  11.0 |  18.5  23.8  11.1 |  18.8  24.7  10.9 |   -42
Q19   |   4.5   4.0   4.0 |   4.6   4.1   4.4 |   4.1   3.5   4.2 |   4.6   4.0   4.1 |   4.4   3.9   4.2 |    -5
Q20   |   9.4   9.1   9.0 |   9.1   9.2   9.1 |   8.9   9.2   9.0 |   8.7   9.4   9.1 |   8.9   9.3   9.1 |    +2
Q21   |  10.0   9.6  10.2 |   9.7   9.8   9.7 |   9.9   9.0  10.4 |  10.0   9.5   9.7 |   9.9   9.4  10.0 |    +1
Q22   |   3.9   2.6   3.9 |   4.2   4.0   3.7 |   3.8   4.3   3.5 |   4.2   2.9   2.5 |   4.0   3.8   3.2 |   -20
run1 totals: base= 225.4 cand= 217.0 bisect= 198.6
run2 totals: base= 184.4 cand= 191.5 bisect= 173.8
run3 totals: base= 179.7 cand= 184.4 bisect= 173.8
run4 totals: base= 168.0 cand= 159.3 bisect= 164.6
