window 2 (2026-08-22 03:10-04:10Z), runs=4; arms: base, cand, waitoff, reuseoff, prefetchoff
query | r1   base   cand waitoff reuseoff prefetchoff | r2   base   cand waitoff reuseoff prefetchoff | r3   base   cand waitoff reuseoff prefetchoff | r4   base   cand waitoff reuseoff prefetchoff | steady-mean(r2-4)   base   cand waitoff reuseoff prefetchoff
Q01   |   23.6   24.0   21.2   22.8   24.2 |    4.5    3.5    3.6    3.5    3.6 |    4.2    3.5    3.6    3.5    3.6 |    4.2    3.5    3.5    3.6    3.7 |    4.3    3.5    3.5    3.6    3.6
Q02   |   11.4    9.3   10.8   10.4   10.8 |    4.2    6.5    4.5    6.4    4.8 |    4.5    3.9    5.0    4.2    5.1 |    5.3    4.3    4.1    4.8    5.2 |    4.7    4.9    4.6    5.2    5.0
Q03   |   16.3   15.0   15.1   15.1   14.7 |    9.5    8.9    8.7    8.6    9.7 |    9.3    9.6    8.6    9.6    9.0 |    9.5    9.1    9.2    9.5    8.9 |    9.5    9.2    8.8    9.2    9.2
Q04   |    5.1    5.1    5.0    5.2    5.2 |    7.0    5.6    5.5    5.4    5.4 |    7.6    5.2    5.0    5.1    5.4 |    6.8    5.1    5.0    5.4    5.8 |    7.1    5.3    5.2    5.3    5.5
Q05   |    5.3    5.6    5.5    5.8    6.2 |    9.5    6.3    6.1    6.1    6.1 |    9.6    6.3    5.3    6.0    6.6 |    9.7    6.0    5.8    5.7    6.2 |    9.6    6.2    5.7    5.9    6.3
Q06   |    0.7    0.6    0.7    0.7    0.7 |    1.5    0.8    0.8    0.8    0.9 |    1.1    0.8    0.8    0.8    0.8 |    1.6    0.9    0.9    1.0    1.0 |    1.4    0.8    0.8    0.9    0.9
Q07   |    5.2    5.4    4.3    4.3    5.5 |    8.8    4.9    4.7    4.4    5.9 |    9.5    3.5    3.9    4.4    3.8 |    9.2    4.4    5.0    3.8    5.5 |    9.2    4.2    4.5    4.2    5.1
Q08   |   23.8   22.2   22.5   24.2   25.1 |   17.9   15.5   23.9   16.4   15.1 |   18.8   14.7   15.4   16.3   15.6 |   17.2   21.9   15.8   16.4   14.9 |   17.9   17.4   18.4   16.4   15.2
Q09   |   29.0   14.2   14.4   24.3   14.6 |   25.8   23.1   16.1   22.7   23.8 |   19.7   22.5   15.4   14.9   15.1 |   16.3   16.4   15.3   15.2   14.8 |   20.6   20.7   15.6   17.6   17.9
Q10   |   10.7   11.6   11.0   12.1   11.7 |   11.3   12.8   11.4   11.3   11.7 |   11.1   11.7   11.0   11.4   10.5 |   11.0   11.7   10.7   10.9   11.9 |   11.1   12.1   11.0   11.2   11.4
Q11   |    2.9    2.4    3.2    2.4    2.5 |    3.7    3.2    3.2    3.5    3.0 |    2.7    3.2    3.0    3.7    3.2 |    3.0    4.1    3.3    2.8    3.7 |    3.1    3.5    3.2    3.3    3.3
Q12   |    6.0    5.2    5.8    5.2    6.2 |    6.1    5.1    5.5    4.9    6.4 |    7.2    5.5    5.7    5.1    7.0 |    6.0    4.9    5.3    5.4    6.7 |    6.4    5.1    5.5    5.1    6.7
Q13   |    5.4    5.2    5.2    5.3    5.6 |    5.7    5.4    5.4    5.6    5.4 |    5.5    5.8    5.7    5.7    5.5 |    5.5    5.7    5.7    5.3    5.7 |    5.6    5.6    5.6    5.5    5.5
Q14   |    3.6    1.8    1.8    1.9    2.0 |    2.1    1.9    2.0    1.9    1.9 |    3.0    2.1    2.1    2.0    1.9 |    1.9    1.8    2.0    2.5    2.2 |    2.3    1.9    2.0    2.1    2.0
Q15   |    2.3    2.3    2.2    2.4    2.4 |    2.1    2.4    2.3    2.1    2.7 |    2.2    2.3    2.2    2.4    2.3 |    1.6    2.5    2.4    2.6    2.7 |    2.0    2.4    2.3    2.4    2.6
Q16   |    6.3    6.0    5.7    5.3    6.4 |    6.6    5.7    4.9    5.5    5.4 |    6.2    6.0    5.8    5.8    5.3 |    5.9    5.5    5.5    5.5    5.9 |    6.2    5.7    5.4    5.6    5.5
Q17   |    8.1    5.6   15.1   14.1   13.3 |   15.0   13.6   14.1    6.5    6.6 |    7.2    6.3    6.3    6.9    6.5 |    6.3    6.3    6.9    6.3    7.3 |    9.5    8.7    9.1    6.6    6.8
Q18   |   18.4   11.7   12.9   12.6   12.6 |   18.6   13.0   12.2   11.7   14.8 |   19.5   14.6   11.8   12.0   12.2 |   18.4   14.1   12.0   12.3   13.0 |   18.8   13.9   12.0   12.0   13.3
Q19   |    3.6    3.5    3.7    3.6    4.3 |    3.8    3.7    4.1    3.9    3.8 |    4.0    3.8    3.7    3.6    4.2 |    3.9    3.7    5.7    4.2    3.8 |    3.9    3.7    4.5    3.9    3.9
Q20   |    9.3    9.4    9.5    9.1   13.3 |    9.1    9.2    9.1    9.7    9.0 |    9.2    9.0    9.2    8.9    9.4 |    9.7    9.2    9.0    9.2    9.5 |    9.4    9.2    9.1    9.3    9.3
Q21   |    9.9    8.9    9.6    8.7    9.1 |    9.2    9.2    9.1    9.7    9.9 |    9.4    9.9    9.0    9.0    9.7 |   10.2    9.7    9.4   10.2    9.5 |    9.6    9.6    9.2    9.6    9.7
Q22   |    3.3    4.4    3.0    3.1    3.1 |    3.6    2.7    2.7    3.0    2.8 |    4.2    2.8    3.0    2.8    3.0 |    3.2    2.5    2.5    2.5    2.9 |    3.7    2.7    2.7    2.8    2.9
run1 totals: base= 210.3 cand= 179.4 waitoff= 188.3 reuseoff= 198.6 prefetchoff= 199.5
run2 totals: base= 185.6 cand= 162.9 waitoff= 159.8 reuseoff= 153.8 prefetchoff= 158.6
run3 totals: base= 175.8 cand= 152.9 waitoff= 141.4 reuseoff= 144.3 prefetchoff= 145.7
run4 totals: base= 166.4 cand= 153.3 waitoff= 144.8 reuseoff= 145.2 prefetchoff= 150.7
