window 2 (2026-08-22 03:10-04:10Z), runs=4; arms: base, cand, admoff, sinkoff
query | r1   base   cand admoff sinkoff | r2   base   cand admoff sinkoff | r3   base   cand admoff sinkoff | r4   base   cand admoff sinkoff | steady-mean(r2-4)   base   cand admoff sinkoff
Q01   |   22.9   26.6   23.3   25.5 |    4.8    4.1    3.7    4.2 |    4.9    4.3    4.1    3.9 |    4.8    4.2    4.2    3.6 |    4.8    4.2    4.0    3.9
Q02   |   11.2   10.9   10.3   10.1 |    4.4    5.9    4.2    5.8 |    5.0    5.3    4.6    5.1 |    5.0    4.4    5.6    4.8 |    4.8    5.2    4.8    5.2
Q03   |   15.7   14.5   15.9   14.8 |    9.2    9.2    8.7    9.1 |    9.8    8.8    9.8    8.9 |    9.4    9.0    9.2    9.3 |    9.4    9.0    9.2    9.1
Q04   |    7.0    7.2    5.7    5.2 |    6.7    7.2    7.4    8.2 |    7.2    7.5    7.9    6.6 |    8.0    6.7    7.9    7.5 |    7.3    7.1    7.7    7.4
Q05   |   10.5    9.6   11.0    5.1 |    9.2    9.2    9.7    8.5 |   10.6   10.4    8.6    9.7 |   10.0    9.4    9.3   10.0 |    9.9    9.6    9.2    9.4
Q06   |    0.9    1.4    0.9    0.7 |    1.2    1.0    2.0    0.9 |    1.5    1.3    1.2    0.9 |    1.0    1.8    1.1    1.0 |    1.2    1.4    1.4    0.9
Q07   |    8.6    8.6    9.2    9.8 |    8.0    8.7    9.5    8.1 |    8.1    9.2    7.9    8.7 |    4.1    8.9    8.8    9.7 |    6.7    8.9    8.7    8.8
Q08   |   26.1   24.4   25.0   24.4 |   20.4   17.6   25.3   18.2 |   19.2   17.4   18.2   18.6 |   16.7   17.4   17.2   17.2 |   18.7   17.5   20.2   18.0
Q09   |   27.8   25.7   26.2   25.9 |   25.6   18.4   26.2   18.4 |   19.2   17.4   18.2   18.2 |   16.9   18.0   14.9   18.3 |   20.6   17.9   19.8   18.3
Q10   |   10.8   11.5   11.5   11.5 |   11.0   11.4   11.0   11.1 |   11.2   11.1   10.5   10.8 |   11.6   10.4   11.4   11.8 |   11.2   11.0   11.0   11.2
Q11   |    3.1    3.6    3.7    3.9 |    2.8    2.8    3.1    3.4 |    3.4    2.9    3.1    2.6 |    2.5    3.1    3.1    2.4 |    2.9    2.9    3.1    2.8
Q12   |    7.1    5.3    6.3    5.3 |    5.4    6.3    6.4    6.3 |    5.8    5.0    5.0    5.0 |    6.4    6.9    5.0    5.8 |    5.9    6.0    5.5    5.7
Q13   |    5.4    5.5    5.4    5.1 |    6.0    5.2    5.5    5.6 |    5.5    5.4    5.7    5.7 |    5.5    5.4    5.6    5.5 |    5.7    5.3    5.6    5.6
Q14   |    3.2    3.2    3.7    2.6 |    1.8    1.8    1.7    2.1 |    3.6    3.2    3.4    3.4 |    2.1    1.8    1.9    2.0 |    2.5    2.3    2.4    2.5
Q15   |    1.6    2.5    2.1    2.1 |    1.8    1.9    1.6    2.0 |    2.7    2.6    2.1    2.3 |    1.5    1.7    2.0    2.1 |    2.0    2.1    1.9    2.1
Q16   |    6.8    5.3    5.8    5.3 |    5.9    5.2    5.6    6.7 |    6.5    5.2    7.1    6.7 |    7.1    5.6    5.6    6.2 |    6.5    5.4    6.1    6.5
Q17   |   14.3   14.7    7.2   14.2 |    6.5    6.9    6.5   14.1 |    7.3    8.7    7.6    7.5 |    6.5    6.1    6.3    6.5 |    6.8    7.2    6.8    9.4
Q18   |   18.8   13.8   12.0   11.9 |   19.9   12.0   12.1   12.4 |   19.0   12.1   12.8   12.7 |   19.0   14.0   13.5   12.2 |   19.3   12.7   12.8   12.4
Q19   |    4.0    3.9    3.8    3.8 |    4.3    4.0    3.7    3.7 |    3.6    3.8    4.2    4.0 |    3.9    3.9    4.1    3.9 |    3.9    3.9    4.0    3.9
Q20   |    9.8    9.4    9.2    9.1 |    9.5    9.6    9.2    9.6 |    9.6    9.3    9.0    9.3 |    9.8    9.1    8.9    9.5 |    9.6    9.4    9.0    9.5
Q21   |    9.7    9.4    9.1    9.6 |   10.2    9.2    9.5    9.8 |    9.5    9.1    9.3    9.5 |   10.0    9.5    8.8   10.2 |    9.9    9.3    9.2    9.8
Q22   |    4.0    4.2    4.1    4.4 |    3.1    4.7    4.0    3.1 |    4.0    3.5    3.7    4.1 |    4.2    3.4    3.8    2.6 |    3.8    3.8    3.8    3.3
run1 totals: base= 229.3 cand= 220.9 admoff= 211.5 sinkoff= 210.1
run2 totals: base= 177.5 cand= 162.4 admoff= 176.4 sinkoff= 171.3
run3 totals: base= 176.9 cand= 163.4 admoff= 163.9 sinkoff= 164.2
run4 totals: base= 166.0 cand= 160.7 admoff= 158.4 sinkoff= 161.9
